1	5
2	8
3	2
4	1
5	3
6	4
7	5
8	1

(1+5x)(1+8x)....
x^k in this


array of size 9
___________________________________________________
Array Splliting

5 2
-1 -2 5 -4 8
 6  7 9  4 8
15


7 6
 -3   0  -1  -2 -2 -4 -1
-13 -10 -10  -9 -7 -5 -1
-45


4 1
3 -1 6 0
8  5 6 0 
8




generate suffix sum


______________________________________________________________________
Make Palindrome


heallleh

if(odd){
	if(palin)
		(no of same char in the mid)+1
	else
		0
}else{
	if(palin)
		(no of same char in the mid)+1
	else
		0
}


________________________________________________________________________


BBBWBBBBBWB

8 6

1 0 0 0
0 1 1 0


1 1 1 2 2 2 2 2 1

BWBBBBBB



BWW

WBW

A-1 2 4 5 7 8 10 11
C-3 6 9 12

BBWW

WBBWBwB



BBBWBB

_______________________________________________________________________


5
5 2
8 5 2 4 9
5 5
1 10 20 30 40
5 3
1 2 8 4 9
10 3
1 2 3 4 5 6 7 8 9 10
5 4
9 9 8 5 7
